1 880 6:46:15 163 田中 公悟 竹内 利樹 男子 1 0 151 101 302 183 184 152 104 188 103 182 181 106 301 185 190 156 112 111 110 189 158 186 113 F
2 770 6:35:23 122 秋元 恒郎 鎌倉 克久 男子 2 0 151 101 302 183 184 191 152 103 104 188 187 108 189 110 111 112 156 190 301 186 113 F
3 770 6:57:16 158 村山 良二 竹内 和彦 男子 3 0 151 101 302 183 184 152 103 104 188 187 108 189 112 110 111 156 190 185 301 113 F
4 770 7:11:57 139 高坂 昌信 中野 善人 男子 4 -60 151 101 302 183 184 191 105 152 103 104 188 187 108 189 112 110 111 156 190 185 301 186 113 F
5 740 6:48:54 321 加藤 英忠 田中 和貴 男子 5 0 151 101 302 183 184 152 103 104 188 187 108 189 110 111 112 156 190 301 186 113 F
6 720 6:20:20 266 野々垣 敦紀 安田 光輝 男子 6 0 151 101 302 183 184 152 103 104 188 187 108 189 110 111 156 190 301 186 158 113 F
7 690 6:22:21 278 松山 裕幸 神田 智樹 男子 7 0 151 101 302 183 184 152 104 103 182 301 185 190 156 112 189 108 158 186 113 F
8 680 6:56:09 185 館野 久之 古茶 轄己 男子 8 0 151 101 302 183 184 191 105 181 182 106 185 190 156 112 110 189 108 187 113 F
9 670 6:27:58 304 足立 辰彦 杉山 眞之 男子 9 0 151 101 302 183 184 191 105 182 103 104 188 187 108 189 110 111 112 158 186 113 F
10 670 6:35:39 190 中島 照雅 宍戸 慶太 男子 10 0 151 101 302 183 184 105 191 152 103 104 188 187 108 189 110 111 112 158 186 113 F
11 660 6:57:08 137 中田 博喜 榎本 良太 男子 11 0 151 101 302 183 184 152 103 104 188 187 108 189 110 111 112 301 158 186 113 F
12 650 6:49:40 251 迫田 順 鈴木 真 男子 12 0 151 101 302 183 184 191 152 103 104 188 187 108 189 110 111 112 158 186 113 F
13 650 6:55:01 105 原 健太郎 生山 佳照 男子 13 0 151 101 302 183 184 152 103 104 188 187 108 189 110 111 156 190 113 F
14 640 6:44:25 234 山本 敬 尾崎 次郎 男子 14 0 151 101 302 183 184 152 104 103 188 187 108 189 110 111 112 301 186 113 F
15 640 6:53:10 286 福良 敬之 住吉 絋一 男子 15 0 151 101 302 183 184 152 191 105 103 104 188 187 108 189 110 111 112 113 F
16 630 6:44:41 273 五味 晃宏 永井 稔大 男子 16 0 151 101 302 183 184 191 152 103 104 188 187 108 189 112 156 190 113 F
17 630 6:55:04 125 水口 駿介 池永 圭 男子 17 0 151 101 302 183 184 152 103 104 188 187 108 189 111 110 112 156 113 F
18 620 6:30:46 314 水澤 和志 井手平 健二 男子 18 0 151 101 302 183 104 103 188 187 108 189 110 111 112 156 190 186 158 113 F
19 620 6:33:24 202 増子 秀一 増子 伸江 混合 1 0 151 101 302 183 184 152 103 104 188 187 108 189 110 111 112 158 186 113 F
20 620 6:34:10 342 鈴木 功一 鈴木 千史 混合 2 0 151 101 302 183 184 152 103 104 188 187 108 189 112 111 110 158 186 113 F
21 620 6:34:41 225 舟越 大悟 熊崎 浩志 男子 19 0 151 101 302 183 184 152 104 103 188 189 110 111 112 108 187 158 186 113 F
22 620 6:36:15 235 寺田 満 坂本 雅也 男子 20 0 151 101 302 183 184 191 152 103 104 188 187 189 110 111 112 158 186 113 F
23 620 6:48:50 318 菅野 哲 宮崎 航 男子 21 0 151 101 302 183 184 152 103 104 188 187 108 189 110 111 112 158 186 113 F
24 610 6:48:56 260 増田 康 鈴木 淳平 男子 22 0 151 101 302 183 184 152 103 104 188 187 108 189 110 111 112 158 113 F
25 610 6:53:13 334 田辺 洋一 中澤 順子 混合 3 0 151 101 302 183 184 152 103 104 188 187 108 189 110 111 112 158 113 F
26 600 5:56:18 343 Williams Tom Fisher Colin 男子 23 0 151 101 302 183 184 152 191 105 181 182 103 104 188 187 108 158 186 113 F
27 600 6:10:42 214 森口 貴博 松岡 博之 男子 24 0 151 101 302 183 184 152 191 105 181 182 103 104 188 187 108 158 186 113 F
28 600 6:22:57 280 磯部 誠 山本 幸久 男子 25 0 151 101 302 183 184 152 191 105 181 182 103 104 188 187 108 158 186 113 F
29 600 6:25:59 168 大坪 穂高 松田 公則 男子 26 0 151 101 302 183 184 152 191 105 181 182 103 104 188 187 108 158 186 113 F
30 600 6:26:04 297 阿部 洋祐 坪倉 光佑 男子 27 0 151 101 302 183 184 152 191 105 181 182 104 103 188 187 108 158 186 113 F
31 600 6:28:47 277 藤澤 可奈子 鈴木 美岐 女子 1 0 151 101 302 183 184 191 105 181 182 152 104 103 188 187 108 158 186 113 F
32 600 6:35:49 169 後藤 涼太郎 佐合 要 男子 28 0 151 101 302 183 184 191 152 103 104 188 187 108 189 112 301 186 158 113 F
33 600 6:43:17 263 本田 順寛 後燈明 晃 男子 29 0 151 101 302 183 104 103 188 187 108 189 110 111 112 156 190 186 113 F
34 590 6:22:36 271 加藤 広太 加藤 史人 男子 30 0 151 101 302 183 184 191 152 104 103 188 187 108 112 111 189 158 186 113 F
35 590 6:40:21 186 浅川 毅郎 平郡 志樹 男子 31 0 151 101 302 183 184 152 103 104 182 106 185 190 156 158 186 113 F
36 590 6:54:42 195 川島 広太 木津 真紀子 混合 4 0 151 101 302 183 184 152 103 104 188 189 110 111 112 108 187 113 F
37 590 7:05:10 124 浦 貴彦 工藤 健人 男子 32 -30 151 101 302 183 184 152 103 104 188 187 108 110 111 112 189 158 186 113 F
38 570 6:24:28 127 Ben Schultz Henrik Flordal 男子 33 0 151 101 302 184 152 103 104 188 187 108 189 110 111 112 158 186 113 F
39 570 6:41:48 207 應戸 慎哉 遠藤 和子 混合 5 0 151 101 302 183 184 191 152 103 104 188 187 108 189 111 112 186 113 F
40 560 6:14:17 140 高橋 珍子 渡辺 充 混合 6 0 151 101 302 184 191 105 181 182 106 185 190 156 112 108 187 158 186 113 F
41 560 6:32:20 319 芦川 雅哉 加藤 亮 男子 34 0 151 101 302 183 104 103 187 108 189 110 111 156 190 301 186 113 F
42 560 6:32:27 108 関戸 和美 関戸 伸明 混合 7 0 151 101 302 183 184 191 152 103 104 188 187 108 189 112 158 186 113 F
43 560 6:35:15 216 中野 佳揮 中野 郁世 混合 8 0 151 101 302 183 184 152 104 103 188 187 108 189 111 112 158 186 113 F
44 560 6:36:28 250 山口 順也 浅田 拓志 男子 35 0 151 101 302 183 184 191 152 104 103 188 187 108 189 112 158 186 113 F
45 550 6:31:20 313 宮崎 英樹 奥村 圭輔 男子 36 0 151 101 302 183 184 152 191 105 181 182 103 104 188 187 186 113 F
46 550 6:52:33 315 山本 洋平 北村 精基 男子 37 0 151 101 302 184 152 104 103 188 189 110 111 112 108 187 186 113 F
47 550 6:55:32 240 熊谷 久美子 梅田 正弘 混合 9 0 151 101 302 183 184 152 103 104 188 187 108 112 110 111 113 F
48 540 6:44:14 289 宮沢 俊英 宮沢 弥生 混合 10 0 151 101 302 183 184 191 152 103 104 188 187 108 189 112 186 113 F
49 540 6:53:35 236 中島 俊 山本 格嗣 男子 38 0 151 101 302 183 184 191 105 152 103 104 188 189 112 108 158 186 113 F
50 530 6:09:04 295 村井 朋子 村井 健二 混合 11 0 151 101 302 183 184 152 103 104 188 187 108 189 112 158 186 113 F
51 530 6:14:38 241 藤田 浩二 宮本 奈保美 混合 12 0 151 101 302 183 184 152 103 104 188 187 108 189 112 158 186 113 F
52 530 6:22:02 245 浅井 良保 浅井 麻利子 混合 13 0 151 101 302 183 184 152 103 104 188 187 108 189 112 158 186 113 F
53 530 6:32:24 147 梅津 敏之 中山 武久 男子 39 0 151 101 302 183 184 152 103 104 188 187 108 189 112 158 186 113 F
54 530 6:40:35 248 小沼 めぐみ 島田 泰 混合 14 0 151 101 302 183 184 152 103 104 188 187 108 189 111 112 113 F
55 530 6:47:08 200 篠原 健太郎 川上 武則 男子 40 0 151 101 302 183 184 152 191 105 181 182 106 185 190 156 113 F
56 530 6:51:19 173 中川 喜智 林 徹 男子 41 0 151 101 302 183 184 152 191 105 182 103 104 188 187 108 113 F
57 520 6:27:15 107 千原 昇 境井 智章 男子 42 0 151 101 302 184 152 104 188 187 108 158 112 111 110 189 186 113 F
58 520 6:29:42 159 寺部 亮紘 高野 太史 男子 43 0 151 101 302 183 184 191 152 103 104 188 187 108 112 158 186 113 F
59 520 6:29:58 191 稲木 博久 篠田 晃宏 男子 44 0 151 101 302 183 184 152 103 104 188 187 108 111 112 158 186 113 F
60 520 6:33:40 325 鞘本 誠二 長島 淳 男子 45 0 151 101 302 183 104 103 188 187 108 189 110 111 112 158 186 113 F
61 520 6:34:35 167 中小路 竜 高木 伴卓 男子 46 0 151 101 302 183 184 152 103 104 188 187 108 111 112 158 186 113 F
62 520 6:37:33 222 斎藤 徹 土屋 智哉 男子 47 0 151 101 302 183 184 191 152 103 104 188 187 108 189 158 186 113 F
63 520 6:41:24 132 田中 紘一 深谷 辰三 男子 48 0 151 101 302 183 184 191 152 103 104 188 187 108 189 158 186 113 F
64 520 6:50:01 142 高橋 航 齋藤 直昭 男子 49 0 151 101 302 183 184 152 103 104 188 187 108 189 112 158 113 F
65 520 6:50:30 136 新川 剛史 井関 康人 男子 50 0 151 101 302 183 184 152 103 104 188 187 108 112 189 158 113 F
66 520 6:52:31 244 山田 成之 中野 寛子 混合 15 0 151 101 302 183 104 103 188 187 108 189 110 111 112 158 186 113 F
67 520 6:53:04 282 藤田 慎一郎 高倉 豪 男子 51 0 151 101 302 183 104 103 188 187 108 158 156 190 185 301 113 F
68 520 6:59:45 198 熊倉 利和 伊達 由樹 男子 52 0 151 101 302 183 184 152 103 104 188 187 108 189 112 158 113 F
69 510 6:26:53 106 久根内 彰 金井 賢介 男子 53 0 151 101 302 184 191 152 104 103 188 187 108 189 112 158 186 113 F
70 510 6:40:33 254 宮地 二朗 北野 聡 男子 54 0 151 101 302 183 184 152 191 105 181 106 301 190 156 112 113 F
71 510 6:49:34 120 米田 周二 渡辺 一史 男子 55 0 151 101 302 183 184 152 104 103 106 185 190 156 186 113 F
72 500 6:16:30 328 近藤 潤 潮 仁 男子 56 0 151 101 302 183 184 191 105 152 104 103 188 187 108 158 186 113 F
73 500 6:16:35 172 嵯峨 宏子 細田 守雄 混合 16 0 151 101 302 183 184 191 105 152 103 104 188 187 108 158 186 113 F
74 500 6:23:52 118 東 裕明 北村 葉子 混合 17 0 151 101 302 183 184 152 103 104 188 189 112 108 187 113 F
75 500 6:39:16 134 平山 広太郎 野中 勉 男子 57 0 151 101 302 183 184 191 105 152 103 104 188 187 108 158 186 113 F
76 500 6:39:29 145 有賀 俊夫 鈴木 顕仁 男子 58 0 151 101 302 183 184 191 105 182 152 103 104 188 187 113 F
77 500 6:41:26 267 夏目 彰 東 岳志 男子 59 0 151 101 302 183 104 103 188 187 108 112 156 190 185 113 F
78 500 6:43:18 109 木原 浩明 内山 昇 男子 60 0 151 101 302 183 184 191 105 152 103 104 188 108 187 186 158 113 F
79 500 6:44:24 306 小山 陽平 宮城 啓 男子 61 0 151 101 302 183 184 191 105 182 106 185 190 156 112 158 186 113 F
80 500 6:47:29 182 尾崎 雅美 簗瀬 智美 女子 2 0 151 101 302 183 184 152 103 104 188 187 108 189 112 113 F
81 500 6:58:20 257 刑部 啓 当摩 武彦 男子 62 0 151 101 302 183 103 104 188 189 112 111 110 108 187 186 113 F
82 490 5:57:58 102 行山 貴子 行山 宙 混合 18 0 151 101 302 183 184 152 103 104 188 187 108 189 158 186 113 F
83 490 6:10:32 238 大木 嘉人 三好 伸哉 男子 63 0 151 101 302 183 184 152 103 104 188 187 108 189 158 186 113 F
84 490 6:13:51 231 杉浦 史生 初澤 里佳 混合 19 0 151 101 302 183 184 152 103 104 188 187 108 189 158 186 113 F
85 490 6:27:47 275 佐藤 慎介 杉山 明義 男子 64 0 151 101 302 183 184 152 104 103 188 187 108 189 158 186 113 F
86 490 6:39:28 268 橋本尚紀 大竹 巌 男子 65 0 151 101 302 183 184 191 105 182 301 190 156 112 189 158 186 113 F
87 480 5:51:10 331 堀川 敏彦 久下 良平 男子 66 0 151 101 302 183 184 191 152 104 103 188 187 108 158 186 113 F
88 480 5:55:21 307 藤野 学 塩谷 貴史 男子 67 0 151 101 302 183 184 191 152 103 104 188 187 108 158 186 113 F
89 480 6:10:23 152 大野 晃正 岩上 由紀 混合 20 0 151 101 302 183 184 191 152 103 104 188 187 108 158 186 113 F
90 480 6:10:33 157 安西 慶祐 ディグロー デイビッド 男子 68 0 151 101 302 183 184 191 152 103 104 188 187 108 158 186 113 F
91 480 6:27:24 104 中村 高士 小澤 千幸 混合 21 0 151 101 302 183 184 152 103 104 188 187 108 112 158 113 F
92 480 6:41:53 276 中村 成伸 関口 雄介 男子 69 0 151 101 302 183 184 191 152 104 103 188 187 108 158 186 113 F
93 480 6:48:42 298 田村 晃子 伊藤 正美 混合 22 0 151 101 302 183 184 152 103 104 188 187 108 112 158 113 F
94 470 6:24:03 309 今井 洋 生方 正宏 男子 70 0 151 101 302 183 184 191 105 182 181 106 301 186 158 108 187 113 F
95 470 6:44:50 205 原 秀文 野底 稔 男子 71 0 151 101 302 183 184 152 104 103 188 187 108 112 186 113 F
96 470 6:48:18 148 山本 誠 砂岡 伸一 男子 72 0 151 101 302 183 184 191 152 104 103 188 187 108 158 113 F
97 470 6:51:48 165 高橋 朋之 嶌岡 耕平 男子 73 0 151 101 302 183 184 152 103 104 188 189 108 187 186 113 F
98 470 7:01:07 233 田村 誠 稲田 和政 男子 74 -10 151 101 302 183 104 103 188 187 108 110 111 112 158 186 113 F
99 460 6:40:12 293 三浦 容嗣 三浦 枝利子 混合 23 0 151 101 302 183 184 152 191 105 182 103 104 188 113 F
100 460 6:44:50 161 内田 洋 繁森 誠 男子 75 0 151 302 183 184 191 152 103 104 188 187 108 158 113 F
101 460 6:49:36 305 林 陽平 小関 和路 男子 76 0 151 101 302 183 184 152 104 103 188 187 108 189 113 F
102 460 6:51:21 177 富永 美和 田口 真由美 女子 3 0 151 101 302 183 184 152 104 103 182 181 106 113 F
103 460 6:51:34 308 古谷 雄一郎 三谷 篤 男子 77 0 151 101 302 183 184 191 105 103 104 188 187 108 112 186 113 F
104 450 5:29:08 336 小瀧 博司 船木 覚 男子 78 0 151 101 302 183 184 152 103 104 188 187 108 158 186 113 F
105 450 5:32:49 192 堀 泰明 栗原 岳司 男子 79 0 151 101 302 183 184 152 104 103 188 187 108 158 186 113 F
106 450 5:43:48 264 葛西 恒志 三浦 卓也 男子 80 0 151 101 302 183 184 152 104 103 188 187 108 158 186 113 F
107 450 5:49:33 301 田中 隆 野口 美里 混合 24 0 151 101 302 183 184 152 104 103 188 187 108 158 186 113 F
108 450 5:51:10 178 平田 修一 山本 良仁 男子 81 0 151 101 302 183 184 152 103 104 188 187 108 158 186 113 F
109 450 5:53:01 217 泉谷 浩二 津田 良輔 男子 82 0 151 101 302 183 184 191 152 103 104 188 187 158 186 113 F
110 450 6:04:31 316 小又 淳一 浅賀 亮二 男子 83 0 151 101 302 183 184 152 103 104 188 187 158 108 186 113 F
111 450 6:05:31 229 今井 千穂 佐々木 りか 女子 4 0 151 101 302 183 184 152 104 103 188 187 108 158 186 113 F
112 450 6:12:28 310 宮崎 厚志 武市 寛士 男子 84 0 151 101 302 183 184 191 152 103 104 188 187 158 186 113 F
113 450 6:15:52 281 杉江 信介 大森 武 男子 85 0 151 101 302 184 152 191 105 103 104 188 187 108 158 186 113 F
114 450 6:37:07 131 伊藤 義隆 羽地 慎吾 男子 86 0 151 101 302 183 184 191 152 103 188 187 108 112 158 186 113 F
115 450 6:38:09 285 三枝 信裕 小野塚 正直 男子 87 0 151 101 302 183 184 152 104 103 188 187 108 158 186 113 F
116 450 6:38:35 333 木村 秀一 上野 たすく 男子 88 0 151 101 302 183 184 152 104 103 188 189 108 158 186 113 F
117 450 6:40:18 170 小島 健則 大脇 則行 男子 89 0 151 101 302 183 184 191 105 152 103 104 188 187 186 113 F
118 450 6:42:15 146 清水 隆年 肥塚 秀明 男子 90 0 151 101 302 183 184 191 105 182 301 190 156 112 158 186 113 F
119 440 6:24:57 302 柿島 宏樹 坂巻 健一 男子 91 0 151 101 302 183 184 152 103 104 188 187 108 158 113 F
120 440 6:27:12 258 宮 慶一 北出 明日美 混合 25 0 151 101 302 183 184 152 104 103 188 187 108 158 113 F
121 440 6:47:07 311 面川 聡 樋口 壮一郎 男子 92 0 151 101 302 183 184 152 103 104 188 187 108 158 113 F
122 440 6:50:09 296 工藤 研太 鈴木 亮 男子 93 0 151 101 302 184 152 104 103 188 187 108 112 158 186 113 F
123 440 6:58:56 211 田口 裕子 久保田 賢次 混合 26 0 151 101 302 183 184 191 105 181 182 103 104 188 113 F
124 435 7:00:01 121 斎藤 冠 細見 和広 男子 94 -5 151 101 302 183 152 104 103 188 189 110 111 113 F
125 430 6:41:44 213 佐藤 文 高広 伯彦 混合 27 0 151 101 302 183 184 152 104 103 188 187 108 186 113 F
126 430 6:44:19 174 大竹 政晴 筧 友子 混合 28 0 151 101 302 184 152 103 104 188 187 108 112 158 113 F
127 430 6:51:51 226 池田 千枝子 藤原 佳代 女子 5 0 151 101 302 183 184 191 105 152 103 188 187 108 158 186 113 F
128 420 5:18:08 117 尾崎 光輝 鵜飼 大治郎 男子 95 0 151 101 302 183 184 152 103 104 188 187 158 186 113 F
129 420 6:31:56 228 中島 賢史 岡本 弘毅 男子 96 0 151 101 302 183 104 103 188 187 108 189 112 158 113 F
130 420 6:39:30 143 山本 邦博 武部 雅弘 男子 97 0 151 101 302 183 104 103 188 187 108 189 112 158 113 F
131 420 6:42:51 162 新居田 一也 平野 順 男子 98 0 151 101 302 184 152 191 105 182 103 104 188 186 113 F
132 420 6:47:19 227 小島 隆弘 神野 恵 混合 29 0 151 101 302 183 184 152 103 104 188 187 108 113 F
133 420 6:48:00 223 佐藤 克弘 西本 与晃 男子 99 0 151 101 302 183 184 152 103 104 188 187 108 113 F
134 420 6:48:29 183 加藤 伸一 藤原 孝行 男子 100 0 151 101 302 183 104 103 188 187 108 112 189 158 113 F
135 410 6:14:30 210 藤澤 美希 福田 恵里佳 女子 6 0 151 101 302 183 184 152 103 104 188 108 158 186 113 F
136 410 6:28:42 116 木村 昇 坂本 太 男子 101 0 151 302 183 184 191 105 103 104 188 187 108 186 113 F
137 410 6:35:48 180 矢野 裕子 大城 渡 混合 30 0 151 101 302 183 184 152 103 104 188 108 158 186 113 F
138 410 6:39:20 322 針 知宏 石井 統 男子 102 0 151 101 302 183 184 191 152 104 188 187 108 186 113 F
139 410 6:50:42 323 田口 実 江森 湖輝 男子 103 0 151 101 302 183 104 103 188 187 108 189 112 186 113 F
140 400 6:02:31 123 大城 篤志 杉浦 勝哉 男子 104 0 101 302 183 104 103 188 187 108 189 112 186 113 F
141 400 6:16:32 270 中村 賢志 諸星 太輔 男子 105 0 151 101 302 184 152 103 104 188 187 108 158 186 113 F
142 400 6:24:39 129 茂垣 亮馬 齊藤 健 男子 106 0 151 101 302 183 184 152 191 105 181 106 301 158 186 113 F
143 400 6:28:34 112 上野 洋路 田澤 智貴 男子 107 0 302 183 184 152 103 104 188 187 108 113 F
144 400 6:31:46 206 榛葉 都 大川 淳子 女子 7 0 151 101 302 183 184 152 103 104 188 187 186 113 F
145 400 6:35:25 215 鈴木 真樹子 芝田 登紀子 女子 8 0 151 101 302 183 184 152 191 105 103 104 187 113 F
146 400 6:35:51 265 藤田 美穂 藁科 英司 混合 31 0 151 101 302 183 184 152 103 104 188 187 186 113 F
147 400 6:36:10 208 鈴木 幹久 渡辺 裕子 混合 32 0 151 101 302 183 104 103 188 189 112 108 187 113 F
148 400 6:36:35 203 津森 喜子 高階 志保 女子 9 0 151 101 302 184 152 103 104 188 187 108 158 186 113 F
148 400 6:36:35 339 松野 峻也 松野 智子 混合 33 0 151 101 302 184 152 103 104 188 187 108 158 186 113 F
150 400 6:38:42 237 関 顕彦 吉田 勝彦 男子 108 0 151 101 302 183 184 152 191 105 181 182 186 158 108 113 F
151 390 5:58:04 133 清水 祥 中村 愛 混合 34 0 151 101 302 183 184 152 103 104 188 187 113 F
152 390 6:08:06 141 香山 雄志 内田 貴司 男子 109 0 151 101 302 183 184 152 103 104 188 187 113 F
153 390 6:10:02 274 嵯峨 泰介 大林 弘美 混合 35 0 151 101 302 183 184 152 104 103 188 187 113 F
154 390 6:14:44 247 小川 久男 細川 浩洋 男子 110 0 151 101 302 183 104 103 188 187 108 158 112 186 113 F
155 390 6:21:27 151 秦 健一郎 齋藤 圭太郎 男子 111 0 151 101 302 183 104 103 152 191 105 182 186 113 F
156 390 6:29:28 218 渡壁 淳司 松本 武史 男子 112 0 151 101 302 183 184 191 105 103 104 188 187 186 113 F
157 390 6:39:24 294 内山 力 井口 浩一 男子 113 0 151 101 302 183 184 191 105 181 301 190 156 158 186 113 F
158 390 6:42:23 299 浅井 健一郎 岸本 寛之 男子 114 0 151 101 302 184 191 105 182 181 106 301 190 186 113 F
159 390 6:47:01 150 成田 久和 成田 千春 混合 36 0 151 302 184 152 103 104 188 187 108 158 186 113 F
160 390 6:54:41 119 小野 純子 古市 秀明 混合 37 0 151 101 302 184 152 191 105 181 182 186 158 108 187 113 F
161 380 6:28:51 220 柏樹 芳雄 坂 祐次 男子 115 0 151 101 302 183 104 103 188 187 108 189 158 113 F
162 380 6:33:34 128 後藤 太志 加藤 まどか 混合 38 0 151 302 183 104 103 188 189 187 108 158 186 113 F
163 380 6:34:25 114 藤井 基玄 鈴木 政継 男子 116 0 151 101 302 183 184 191 105 181 106 190 156 186 113 F
164 380 6:41:31 288 小林 正尚 平塚 剛 男子 117 0 151 101 302 183 184 191 105 181 182 186 158 108 187 113 F
165 380 6:42:34 164 中村 崇之 杉山 博紀 男子 118 0 151 101 302 183 184 191 152 104 188 187 186 113 F
166 380 6:51:37 135 井上 満美 集治 斎 混合 39 0 151 101 302 183 184 191 152 103 104 188 113 F
167 370 6:30:13 292 小松 理樹 田中 洋江 混合 40 0 151 101 302 184 152 103 104 188 187 186 158 113 F
168 360 6:02:09 332 木村 正 木村 温恵 混合 41 0 151 101 302 183 184 152 103 104 188 186 113 F
169 360 6:10:06 179 黒澤 雄介 黒澤 枝里子 混合 42 0 151 101 302 184 191 152 103 188 187 108 158 186 113 F
170 360 6:49:09 149 小池 雅子 池谷 正義 混合 43 0 151 101 302 183 104 103 182 181 106 113 F
171 355 7:12:21 246 澤 朋幸 大竹 ひかる 混合 44 -65 151 101 302 183 184 152 103 104 188 187 186 158 113 F
172 350 5:51:30 329 中村 元信 坂平 健太郎 男子 119 0 151 101 302 183 104 103 188 187 108 158 186 113 F
173 350 6:13:09 184 林 栄美子 船木 淳 混合 45 0 151 101 302 183 104 103 188 187 108 158 186 113 F
174 350 6:34:42 113 加藤 仁彦 戸井田 淳 男子 120 0 151 101 302 184 152 191 105 182 108 187 158 186 113 F
175 350 6:35:25 160 原子 幸江 菊池 健美 女子 10 0 151 101 302 183 184 152 191 105 103 186 158 108 113 F
176 350 6:39:24 256 坂本 謙悟 曽我 美香 混合 46 0 151 101 302 183 104 103 188 187 108 158 186 113 F
177 350 6:46:49 188 田嶌 一徳 田所 光彦 男子 121 0 151 101 302 183 184 105 191 152 104 188 113 F
178 350 6:48:53 261 真田 清貴 有佐 和也 男子 122 0 151 101 302 183 184 152 191 105 181 182 186 113 F
179 340 6:23:54 324 指田 亮介 上野 岳志 男子 123 0 151 101 302 183 184 191 152 103 104 113 F
180 340 6:27:54 155 鈴木 敬弘 松田 素洋 男子 124 0 151 101 302 183 184 191 105 103 104 188 113 F
181 340 6:44:47 300 福永 知代 杭田 みのり 女子 11 0 151 101 302 183 184 191 105 181 182 186 158 108 113 F
182 340 6:46:34 156 福岡 博 佐々木 久明 男子 125 0 151 101 302 183 184 152 191 105 181 182 113 F
183 330 5:57:21 115 古川 晴菜 竹川 圭亮 混合 47 0 151 101 302 183 104 103 188 187 108 186 113 F
184 330 6:38:08 253 寳田 隼人 中野 泰介 男子 126 0 151 101 302 183 184 152 191 105 182 186 158 113 F
185 330 6:47:06 232 三木 要 水上 美咲 混合 48 0 151 101 302 183 184 152 191 105 182 186 158 113 F
186 320 6:12:05 340 杉本 朋之 小島 智光 男子 127 0 151 101 302 183 184 191 105 181 186 158 108 187 113 F
187 320 6:13:31 144 宇治田 雅敬 幸田 兼之郎 男子 128 0 151 101 302 184 191 105 182 103 188 187 113 F
188 320 6:18:18 327 小林 賢一郎 中村 基則 男子 129 0 151 101 302 183 103 104 188 187 186 158 113 F
189 310 6:30:44 317 小路 勇一 森 隆史 男子 130 0 151 101 302 183 184 191 105 181 182 186 158 113 F
190 310 6:33:11 252 石黒 紀代美 長浜 泰江 女子 12 0 151 101 302 183 184 191 105 103 188 187 113 F
191 310 6:37:13 287 穂積 芳郎 永田 貴紀 男子 131 0 151 101 302 184 191 105 181 182 186 108 187 113 F
192 310 6:39:42 103 長塚 涼 曾谷村 直希 男子 132 0 151 101 302 184 191 105 113 186 158 156 112 108 187 113 F
193 300 6:31:08 126 鈴木 智和 鈴木 由美子 混合 49 0 151 101 302 183 184 191 105 182 186 158 108 113 F
194 300 6:44:14 283 山口 慶子 竹内 春子 女子 13 0 151 101 302 183 104 103 188 187 186 113 F
195 290 6:35:47 326 藤野 洋右 久保 堅太 男子 133 0 151 101 302 183 104 103 188 187 113 F
196 290 6:47:55 290 坂本 洋二 沖山 徹 男子 134 0 151 101 302 191 105 103 104 188 187 113 F
197 290 6:48:45 193 室井 直人 横江 俊勝 男子 135 0 151 101 302 183 184 152 191 105 181 186 113 F
198 270 6:15:30 330 吉岡 洋 小林 篤史 男子 136 0 151 101 302 183 184 191 105 182 186 158 113 F
199 270 6:27:03 171 木田 宏之 松田 央 男子 137 0 151 101 302 183 104 188 187 108 113 F
200 270 6:31:19 221 古山 進 鈴木 忍 混合 50 0 151 101 302 183 184 191 105 182 186 158 113 F
201 270 6:43:29 181 竹嶋 碧 堀 絵美子 女子 14 0 151 302 183 184 191 152 103 186 113 F
202 270 7:15:10 175 斉藤 雄太 小暮 哲也 男子 138 -80 151 101 302 183 184 152 104 103 187 113 F
203 260 6:46:53 196 岡村 百子 安野 奈緒子 女子 15 0 151 101 302 183 184 191 105 103 186 158 113 F
204 250 6:35:48 154 青山 亜希 田中 智子 女子 16 0 151 101 302 184 152 191 105 186 158 108 113 F
205 250 6:45:49 219 池上 隆蔵 橋口 寛 男子 139 0 151 101 302 183 104 103 188 113 F
206 240 6:48:22 199 堀川 雄司 平山 遼介 男子 140 0 151 302 184 191 105 182 186 158 108 113 F
207 240 7:41:01 176 安倍 昌宏 林 輝 男子 141 -210 151 101 302 183 104 103 188 187 108 110 111 112 113 F
208 220 6:13:32 279 並木 謙介 森山 耕次 男子 142 0 151 101 302 183 184 191 105 181 113 F
209 220 6:58:14 259 大岡 永助 小島 優 男子 143 0 151 101 302 183 184 191 105 181 113 F
210 210 6:10:00 337 赤嶺 周平 田村 美幸 混合 51 0 151 101 302 183 184 191 105 186 158 113 F
211 180 6:46:48 194 三田 正明 本間 良二 男子 144 0 151 101 302 183 184 191 105 113 F
212 110 7:13:31 255 佐野 正 佐野 元子 混合 52 -70 151 101 302 183 184 191 105 113 F
disq 530 6:45:28 101 越井 大志 伊太利亜 伊太利亜 男子 0 101 302 183 184 152 103 104 188 187 108 110 111 112 F
disq 590 6:36:40 166 土肥 啓介 鶴谷 潤一郎 男子 0 151 101 302 183 184 152 103 104 188 187 108 189 110 112 158 186 113 F
disq 140 5:40:15 201 小櫃 委代 小櫃 成一 混合 0 151 101 302 183 184 186 113 F
disq 420 6:19:42 209 河合 信太郎 岩本 昌子 混合 0 151 101 302 183 184 152 103 104 188 187 158 186 113 F
disq 560 6:58:42 212 鈴木 竜玄 横山 弘明 男子 0 151 101 302 183 184 191 152 103 104 188 187 108 189 112 111 113 F
disq 680 6:53:29 224 中山 裕貴 福島 大輝 男子 0 151 101 302 183 184 152 103 104 188 187 108 189 112 111 156 190 185 186 113 F
disq 200 6:21:23 239 山中 宏美 藤田 みず穂 女子 0 151 101 302 183 184 105 103 186 F
disq 490 6:38:25 243 笹崎 良夫 小林 宏 男子 0 151 101 302 183 184 191 105 181 182 103 104 188 187 186 113 F
disq 450 6:50:54 284 宇根岡 亨 塚田 歩 男子 0 151 101 302 183 184 152 103 104 188 187 108 158 186 113 F
disq 400 6:32:01 291 田中 正一 橋本 唯一 男子 0 151 101 302 183 184 191 105 182 181 190 156 158 113 F
disq 350 5:42:13 303 飯田 崇士 松下 昌樹 男子 0 151 101 302 183 104 103 188 187 108 158 186 113 F
disq 450 6:03:51 312 吉田 健二 西村 一道 男子 0 151 101 302 183 184 152 103 104 188 187 108 158 186 113 F
disq 880 6:56:55 320 西川 雅浩 森嵜 稔 男子 0 151 101 302 183 184 152 104 188 103 182 181 106 185 190 156 112 111 110 189 108 187 113 F
disq 450 6:16:42 335 南 真人 南 真琴 混合 0 151 101 302 183 184 152 103 104 188 187 108 158 186 113 F
disq 760 6:49:25 338 岡本 壮野 横田 俊樹 男子 0 151 101 302 183 184 152 191 105 181 182 106 185 301 190 156 111 112 189 108 187 186 113 F
disq 330 341 吉田 秀嗣 高槁 奈津子 混合 0 151 101 302 183 104 103 152 191 184 F
